*********************************************
*********************************************
(0, (40.73852005048463, -73.97102369619127))
(1, (40.73767381320073, -73.97682063938746))
(2, (40.737765302168185, -73.98046545648698))
(3, (40.740128978671635, -73.98161810161052))
(4, (40.74520636173722, -73.97456258616957))
(5, (40.74082352652506, -73.95410154930754))
(6, (40.743452027696, -73.9562679217114))
(7, (40.74842509594337, -73.95896122450117))
(8, (40.75015113582162, -73.96456700708491))
(9, (40.75167203790368, -73.96667940064003))
(10, (40.7517302978961, -73.96509453068906))
(11, (40.75177361213748, -73.96729599369888))
(12, (40.750725490358136, -73.9668738753633))
(13, (40.7493646096878, -73.96627460589173))
(14, (40.748071287969466, -73.96275311587162))
(15, (40.74617792168468, -73.95793210910928))
(16, (40.74456119134221, -73.95393056703382))
(17, (40.74692922942384, -73.96025896349141))
(18, (40.74722066889226, -73.96412870616784))
(19, (40.74561620257266, -73.96675513934957))
(20, (40.744097909038345, -73.96569126589303))
(21, (40.743586578882514, -73.9661637858347))
(22, (40.743049809155586, -73.96673790005875))
(23, (40.74569061474161, -73.97409959295362))
*********************************************
TIME TAKEN: 42.00764036178589
*********************************************